notebooks/huber2011.ecsv
# %ECSV 1.0
# ---
# datatype:
# - {name: KIC, datatype: int64}
# - {name: numax, datatype: float64}
# - {name: sig_numax, datatype: float64}
# - {name: delta_nu, datatype: float64}
# - {name: sig_Dnu, datatype: float64}
# - {name: amp, datatype: float64}
# - {name: sig_amp, datatype: float64}
# - {name: cad_1, datatype: string}
# - {name: ID, datatype: int64}
# - {name: teff, datatype: float64}
# - {name: sig_teff, datatype: float64}
# - {name: lum, datatype: float64}
# - {name: sig_lum, datatype: float64}
# - {name: rad, datatype: float64}
# - {name: sig_rad, datatype: float64}
# - {name: mass, datatype: float64}
# - {name: sig_mass, datatype: float64}
# - {name: cad_2, datatype: int64}
# meta: !!omap
# - comments: ['#########################################################################################', '# Global oscillation parameters
#       of 1686 Kepler stars, Huber et al. (2011, ApJ 743, 143)', '#########################################################################################',
#     '# numax: frequency of maximum power in muHz', '# Dnu: large frequency separation in muHz', '# amp: amplitude per radial mode in
#       ppm', '# sig_*: 1-sigma uncertainties', '# cad: Kepler data used. LC=long-cadence, SC=short-cadence', '#########################################################################################',
#     '#   KIC    |    numax   | sig_numax | delta_nu | sig_Dnu  |    amp     | sig_amp  |  cad', fundamental properties of stars derived
#       using the direct method with SYD results, 'LC (cad=1): Q0-6', 'SC (cad=0): Q0-4 survey data', '--------------------------------------------------------------------------------',
#     ID|teff|sig_teff|lum|sig_lum|rad|sig_rad|mass|sig_mass|cad]
# schema: astropy-2.0
KIC numax sig_numax delta_nu sig_Dnu amp sig_amp cad_1 ID teff sig_teff lum sig_lum rad sig_rad mass sig_mass cad_2
[from data line 1566]
11860626 42.636 0.604 4.743 0.024 107.585 7.737 LC 11860626 4954.0 200.0 58.11833 9.88352 10.36691 0.27635 1.37323 0.11069 1
11861823 25.459 0.552 3.025 0.018 195.777 19.212 LC 11861823 4401.0 200.0 69.29959 13.42964 14.3439 0.48176 1.47959 0.15012 1
11862119 1482.179 92.575 81.469 5.238 10.639 1.245 SC 11862119 5960.0 200.0 2.03355 0.64592 1.3398 0.19285 0.87457 0.39404 0
11868246 32.83 0.576 3.842 0.058 107.471 9.359 LC 11868246 4751.0 200.0 64.92772 12.14747 11.91378 0.48576 1.36758 0.1723 1
11905840 119.923 1.466 10.259 0.032 49.809 1.895 LC 11905840 4981.0 200.0 21.58541 3.62232 6.24959 0.15198 1.40752 0.10306 1
11909754 11.057 0.332 1.746 0.02 336.227 64.658 LC 11909754 4540.0 200.0 137.58453 27.06495 18.99231 0.83038 1.14422 0.15235 1
11911418 580.484 14.217 39.88 0.991 16.945 1.534 SC 11911418 5390.0 200.0 3.28622 0.62079 2.08245 0.12168 0.78691 0.14337 0
11913545 117.034 1.075 10.097 0.035 65.774 3.286 LC 11913545 4753.0 200.0 17.33351 3.03362 6.15053 0.1475 1.2996 0.09393 1
11919192 903.186 43.312 46.8 2.316 10.968 0.674 SC 11919192 6511.0 200.0 10.78952 2.73855 2.58589 0.28716 2.07497 0.72112 0
11961545 47.46 0.828 5.312 0.028 125.952 9.782 LC 11961545 4771.0 200.0 37.91953 6.73387 9.02854 0.26397 1.13778 0.10052 1
11962180 1040.865 60.302 57.625 2.324 9.006 1.024 SC 11962180 6080.0 200.0 4.42645 1.0646 1.89944 0.1912 1.24677 0.38971 0
11968334 139.285 0.866 11.354 0.039 56.187 2.75 LC 11968334 4845.0 200.0 16.89953 2.89331 5.8446 0.13223 1.4101 0.0962 1
11971746 1911.418 182.153 90.783 1.888 8.596 0.896 SC 11971746 5753.0 200.0 1.83805 0.46424 1.36708 0.14412 1.15367 0.36801 0
11973853 204.796 3.381 14.1 0.807 24.074 4.116 SC 11973853 5033.0 200.0 18.58206 5.26717 5.67934 0.66645 1.99536 0.73865 0
12003253 32.739 2.871 3.849 0.043 112.248 8.762 LC 12003253 4765.0 200.0 65.04986 16.28933 11.85502 1.10129 1.35236 0.3781 1
12006471 36.812 1.17 4.404 0.048 116.236 8.335 LC 12006471 4945.0 200.0 57.75821 10.61082 10.37239 0.45144 1.18583 0.15698 1
12007085 7.599 0.499 1.124 0.105 411.2 57.647 LC 12007085 4102.0 200.0 227.83404 101.19703 29.938 5.97358 1.85733 1.16469 1
12007304 213.728 1.495 16.637 0.041 34.248 1.606 LC 12007304 5026.0 200.0 10.36879 1.71045 4.25426 0.09214 1.16764 0.07609 1
12008680 24.594 0.71 3.756 0.054 179.153 14.265 LC 12008680 4961.0 200.0 49.52162 9.16754 9.54253 0.43379 0.67163 0.09361 1
12008797 30.669 1.328 4.072 0.066 152.31 9.108 LC 12008797 4808.0 200.0 47.66319 9.66506 9.96707 0.57761 0.89951 0.15908 1
12008916 159.352 2.358 12.828 0.031 47.933 2.281 LC 12008916 4920.0 200.0 14.65877 2.49892 5.27865 0.13514 1.3261 0.10205 1
12009504 1825.587 68.567 88.54 0.785 6.923 0.381 SC 12009504 6056.0 200.0 2.39535 0.38207 1.40837 0.06295 1.19983 0.16229 0
12011630 2560.97 166.82 129.292 2.131 6.369 0.884 SC 12011630 5516.0 200.0 0.64988 0.13581 0.88425 0.06652 0.63322 0.14441 0
12012082 27.598 0.775 3.283 0.024 104.137 8.319 LC 12012082 4740.0 200.0 85.06601 15.74875 13.70017 0.52123 1.51848 0.17473 1
12012725 27.188 1.522 3.341 0.039 138.272 10.475 LC 12012725 4771.0 200.0 79.5222 16.79204 13.07465 0.83904 1.36689 0.26508 1
12020532 371.988 9.587 22.956 0.576 13.938 1.53 SC 12020532 5249.0 200.0 10.76586 2.08232 3.97444 0.23665 1.81263 0.33633 0
12020797 3.913 0.337 0.831 0.049 445.777 84.067 LC 12020797 4206.0 200.0 229.16834 80.61313 28.55903 4.22539 0.8813 0.40474 1
12021906 42.136 0.792 4.553 0.045 99.548 7.266 LC 12021906 4894.0 200.0 62.89679 11.13952 11.05073 0.37663 1.5327 0.15961 1
12055375 1310.59 150.889 73.935 1.275 12.12 1.812 SC 12055375 5687.0 200.0 1.85414 0.52049 1.40511 0.17067 0.83084 0.30411 0
12058443 354.268 4.575 24.562 0.968 38.3 5.076 SC 12058443 4869.0 200.0 5.11682 1.19126 3.18438 0.26262 1.06732 0.27714 0
12058556 103.724 2.143 9.312 0.022 49.631 2.92 LC 12058556 4758.0 200.0 18.91915 3.37557 6.41219 0.19139 1.25255 0.11231 1
12060088 21.227 0.775 2.54 0.026 161.314 16.315 LC 12060088 4586.0 200.0 119.07081 23.61719 17.31567 0.81725 1.83516 0.26255 1
12061622 36.402 1.993 4.127 0.116 115.801 6.879 LC 12061622 4843.0 200.0 65.98993 15.28103 11.55885 0.93791 1.44113 0.36004 1
12069127 828.537 70.41 48.188 2.217 9.871 0.964 SC 12069127 6237.0 200.0 6.51538 1.84553 2.18989 0.27653 1.33609 0.52086 0
12069569 737.053 88.59 44.687 1.217 10.315 1.404 SC 12069569 6091.0 200.0 6.1931 1.83699 2.23863 0.29769 1.22743 0.49421 0
12070114 40.702 1.42 4.307 0.063 94.532 6.798 LC 12070114 4780.0 200.0 65.14246 12.70751 11.78911 0.59071 1.66526 0.25502 1
12101990 30.578 0.492 4.022 0.211 170.376 12.623 LC 12101990 4845.0 200.0 51.72631 14.07479 10.22523 1.10573 0.94753 0.32307 1
12102923 12.543 1.22 1.547 0.025 172.343 22.555 LC 12102923 4470.0 200.0 265.81035 73.30451 27.23175 2.85683 2.64787 0.83773 1
12104584 28.417 1.23 3.571 0.048 121.564 8.928 LC 12104584 4885.0 200.0 74.9053 14.76994 12.10408 0.66465 1.23898 0.2068 1
12109388 39.747 1.683 4.284 0.045 91.884 7.561 LC 12109388 4663.0 200.0 56.07001 11.2435 11.49315 0.59656 1.52653 0.23986 1
12109888 16.381 0.659 2.311 0.041 258.998 33.868 LC 12109888 4401.0 200.0 84.22297 18.18469 15.81311 0.9212 1.15702 0.20633 1
12110266 38.541 2.226 4.241 0.056 91.545 6.85 LC 12110266 4781.0 200.0 62.19554 13.32233 11.51455 0.7699 1.50441 0.30438 1
12116393 61.808 0.917 6.255 0.028 86.855 5.905 LC 12116393 4735.0 200.0 32.20866 5.71927 8.44795 0.23078 1.2924 0.10655 1
12117868 1859.173 132.754 93.695 1.223 7.262 1.078 SC 12117868 5965.0 200.0 1.83662 0.37743 1.27114 0.09896 0.98787 0.23217 0
12121207 27.916 0.798 3.579 0.064 145.349 9.734 LC 12121207 4992.0 200.0 79.84085 15.0796 11.96653 0.59803 1.20259 0.18536 1
12152850 31.443 1.164 4.047 0.068 145.116 10.433 LC 12152850 4803.0 200.0 51.08234 10.14933 10.33987 0.56 0.99197 0.16459 1
12156916 1412.284 51.564 76.551 1.361 8.926 0.523 SC 12156916 6334.0 200.0 3.21088 0.5309 1.4906 0.07953 1.06334 0.17435 0
12159715 62.134 1.435 6.403 0.029 91.652 5.67 LC 12159715 4707.0 200.0 28.77652 5.23965 8.08045 0.26392 1.18512 0.11662 1
12168406 46.026 1.033 4.795 0.02 111.207 9.168 LC 12168406 4527.0 200.0 41.31399 7.78132 10.46724 0.34099 1.44465 0.1417 1
12169845 31.238 0.641 3.328 0.024 106.478 8.357 LC 12169845 4734.0 200.0 102.55743 18.59062 15.08106 0.49454 2.08138 0.20695 1
12203243 195.413 1.981 15.19 0.024 38.828 2.06 LC 12203243 4933.0 200.0 11.3612 1.91445 4.62269 0.10579 1.24879 0.08582 1
12208273 23.116 0.859 3.023 0.028 177.296 16.175 LC 12208273 4715.0 200.0 80.84887 15.65294 13.49828 0.62936 1.2314 0.17375 1
12217239 26.21 0.865 3.163 0.047 136.552 9.891 LC 12217239 4677.0 200.0 83.285 16.44244 13.92366 0.6863 1.47961 0.22317 1
12255028 36.744 0.725 4.298 0.092 116.99 10.088 LC 12255028 4929.0 200.0 62.41572 11.98601 10.85261 0.55695 1.29367 0.20673 1
12258514 1439.831 58.782 74.794 0.291 7.0 0.303 SC 12258514 5808.0 200.0 2.37401 0.39058 1.52438 0.06858 1.08568 0.14676 0
12265063 1330.109 184.453 65.5 3.78 6.913 1.288 SC 12265063 5893.0 200.0 3.70411 1.4336 1.84958 0.33518 1.48728 0.8266 0
12302104 33.741 1.171 4.092 0.242 110.776 8.581 LC 12302104 4910.0 200.0 62.83094 18.74263 10.97308 1.37095 1.21212 0.4764 1
12302516 30.988 1.277 4.135 0.086 114.698 7.683 LC 12302516 4983.0 200.0 54.71824 11.09307 9.94235 0.6154 0.92068 0.1752 1
12304142 1251.914 58.332 63.88 1.788 7.824 0.625 SC 12304142 6024.0 200.0 4.04862 0.8093 1.8505 0.13824 1.41672 0.32725 0
12306695 33.24 0.513 3.794 0.016 150.078 12.084 LC 12306695 4576.0 200.0 58.01703 10.65231 12.13977 0.34054 1.41096 0.11933 1
12306763 8.532 0.408 1.346 0.02 363.246 48.568 LC 12306763 4326.0 200.0 182.1993 40.3379 24.07161 1.46506 1.38451 0.25612 1
12307366 325.268 4.085 21.479 0.466 31.404 4.572 SC 12307366 4958.0 200.0 8.07517 1.52842 3.85805 0.19086 1.45151 0.22444 0
12314927 14.038 0.822 2.013 0.026 196.109 25.689 LC 12314927 4543.0 200.0 125.93363 27.97079 18.14639 1.22814 1.32662 0.27153 1
12316494 33.314 2.564 3.809 0.038 96.632 9.148 LC 12316494 4924.0 200.0 82.75468 19.11128 12.52175 1.02755 1.56065 0.38547 1
12317678 1238.319 31.5 63.318 0.778 8.263 0.419 SC 12317678 6273.0 200.0 5.02488 0.75011 1.90115 0.07376 1.50936 0.17954 0
12352536 14.675 0.292 2.251 0.026 255.152 36.478 LC 12352536 4508.0 200.0 84.67719 16.32743 15.11194 0.56979 0.95808 0.11061 1
12366461 43.91 0.705 4.5 0.025 87.414 7.517 LC 12366461 4658.0 200.0 55.90709 10.13535 11.5011 0.33376 1.68784 0.14813 1
12366681 659.788 51.26 38.856 0.631 7.27 0.604 SC 12366681 5936.0 200.0 7.632 1.66619 2.61659 0.2247 1.48188 0.3848 0
12454201 39.997 1.57 4.324 0.043 98.539 5.957 LC 12454201 4781.0 200.0 61.9867 12.00278 11.4952 0.56007 1.556 0.22953 1
12455504 36.926 0.977 3.936 0.022 107.188 7.446 LC 12455504 4649.0 200.0 66.9013 12.47351 12.62999 0.45322 1.71005 0.18508 1
12458003 33.9 1.097 3.772 0.025 110.167 8.325 LC 12458003 4601.0 200.0 63.46971 12.21089 12.55982 0.51713 1.54448 0.19187 1
12470054 160.011 1.596 12.642 0.089 43.205 2.137 LC 12470054 4873.0 200.0 14.93521 2.57939 5.43147 0.14563 1.40305 0.11457 1
12506577 18.747 0.907 2.516 0.032 185.03 14.994 LC 12506577 4700.0 200.0 109.06941 22.54712 15.77831 0.92549 1.36236 0.24222 1
12507240 1144.928 49.226 58.843 3.09 10.35 0.968 SC 12507240 5861.0 200.0 4.10042 1.09498 1.96732 0.22577 1.44446 0.51993 0
12507577 81.632 0.796 7.474 0.03 81.428 5.636 LC 12507577 4649.0 200.0 25.14774 4.50561 7.74346 0.19315 1.42102 0.10695 1
12508433 792.622 20.278 45.562 0.413 12.574 1.049 SC 12508433 5125.0 200.0 2.79501 0.48267 2.12426 0.07845 1.09024 0.1224 0
12519768 23.957 0.52 3.053 0.028 178.213 16.902 LC 12519768 4589.0 200.0 72.9022 13.73983 13.53128 0.48457 1.2652 0.13789 1
12520106 40.498 0.907 4.328 0.08 100.913 6.207 LC 12520106 4804.0 200.0 64.85236 12.46411 11.64559 0.55869 1.62087 0.24086 1
12555902 37.153 1.557 4.124 0.048 116.516 6.81 LC 12555902 4536.0 200.0 49.69024 10.21275 11.43389 0.60331 1.39287 0.22286 1
12599612 51.965 1.172 5.415 0.018 97.892 6.45 LC 12599612 4711.0 200.0 39.5172 7.16244 9.45304 0.29945 1.35707 0.12928 1
12599878 35.879 1.237 4.1 0.094 132.219 10.134 LC 12599878 4731.0 200.0 58.54673 12.21734 11.40907 0.69754 1.36775 0.25859 1
12601771 177.098 1.085 14.424 0.024 46.297 2.27 LC 12601771 4865.0 200.0 10.70758 1.82107 4.61408 0.10015 1.11973 0.07301 1
12603035 29.213 0.897 3.888 0.02 164.124 10.419 LC 12603035 4620.0 200.0 42.62357 8.09322 10.20812 0.39762 0.88101 0.10335 1
12688781 44.525 1.055 4.536 0.066 76.839 4.948 LC 12688781 4912.0 200.0 72.61062 13.35254 11.78659 0.50321 1.84586 0.24244 1
12691122 30.328 0.7 3.909 0.11 145.348 10.012 LC 12691122 4788.0 200.0 53.75121 11.3341 10.6731 0.68644 1.01787 0.20458 1
12691734 47.05 2.225 4.347 0.09 51.617 3.726 LC 12691734 4787.0 200.0 84.50269 18.02073 13.38792 0.88678 2.48432 0.50427 1
12784683 28.826 1.972 3.806 0.086 118.834 9.121 LC 12784683 4790.0 200.0 54.14569 12.87329 10.70325 0.90556 0.97314 0.25088 1
