notebooks/huber2011.ecsv
# %ECSV 1.0
# ---
# datatype:
# - {name: KIC, datatype: int64}
# - {name: numax, datatype: float64}
# - {name: sig_numax, datatype: float64}
# - {name: delta_nu, datatype: float64}
# - {name: sig_Dnu, datatype: float64}
# - {name: amp, datatype: float64}
# - {name: sig_amp, datatype: float64}
# - {name: cad_1, datatype: string}
# - {name: ID, datatype: int64}
# - {name: teff, datatype: float64}
# - {name: sig_teff, datatype: float64}
# - {name: lum, datatype: float64}
# - {name: sig_lum, datatype: float64}
# - {name: rad, datatype: float64}
# - {name: sig_rad, datatype: float64}
# - {name: mass, datatype: float64}
# - {name: sig_mass, datatype: float64}
# - {name: cad_2, datatype: int64}
# meta: !!omap
# - comments: ['#########################################################################################', '# Global oscillation parameters
#       of 1686 Kepler stars, Huber et al. (2011, ApJ 743, 143)', '#########################################################################################',
#     '# numax: frequency of maximum power in muHz', '# Dnu: large frequency separation in muHz', '# amp: amplitude per radial mode in
#       ppm', '# sig_*: 1-sigma uncertainties', '# cad: Kepler data used. LC=long-cadence, SC=short-cadence', '#########################################################################################',
#     '#   KIC    |    numax   | sig_numax | delta_nu | sig_Dnu  |    amp     | sig_amp  |  cad', fundamental properties of stars derived
#       using the direct method with SYD results, 'LC (cad=1): Q0-6', 'SC (cad=0): Q0-4 survey data', '--------------------------------------------------------------------------------',
#     ID|teff|sig_teff|lum|sig_lum|rad|sig_rad|mass|sig_mass|cad]
# schema: astropy-2.0
KIC numax sig_numax delta_nu sig_Dnu amp sig_amp cad_1 ID teff sig_teff lum sig_lum rad sig_rad mass sig_mass cad_2
[from data line 656]
7273672 20.795 0.877 2.718 0.033 195.997 18.954 LC 7273672 4585.0 200.0 87.05815 17.80328 14.81258 0.78993 1.31547 0.21287 1
7281777 37.977 1.556 4.311 0.037 120.718 7.48 LC 7281777 4760.0 200.0 55.32949 10.77228 10.95643 0.5384 1.33922 0.19876 1
7282890 833.583 34.071 45.96 2.504 8.424 0.556 SC 7282890 6072.0 200.0 6.96994 1.87825 2.38977 0.28089 1.57949 0.58293 0
7289277 29.713 0.974 3.871 0.074 156.399 10.245 LC 7289277 4835.0 200.0 56.33462 11.15843 10.71518 0.58337 1.01003 0.16943 1
7293531 20.749 1.313 2.741 0.027 153.551 16.54 LC 7293531 4598.0 200.0 84.99546 18.95495 14.55341 1.01515 1.26882 0.26669 1
7293609 29.741 2.3 3.606 0.144 99.416 7.5 LC 7293609 4803.0 200.0 72.50432 20.36769 12.3186 1.3933 1.33176 0.46424 1
7294715 43.137 0.96 4.689 0.03 89.592 5.229 LC 7294715 4799.0 200.0 53.12823 9.52793 10.56248 0.34924 1.41954 0.14197 1
7297940 100.176 3.853 8.133 0.031 31.771 1.261 LC 7297940 4936.0 200.0 36.4412 6.72533 8.26896 0.36495 2.04901 0.27175 1
7303187 27.484 1.416 3.316 0.056 152.705 12.056 LC 7303187 4356.0 200.0 53.12927 12.00038 12.82023 0.84285 1.26942 0.25401 1
7337994 29.691 1.399 3.975 0.085 172.034 10.483 LC 7337994 4855.0 200.0 51.64639 10.96143 10.17528 0.68056 0.91202 0.18711 1
7340724 127.363 3.591 10.585 0.023 33.565 2.096 LC 7340724 4867.0 200.0 19.13474 3.42091 6.16302 0.21667 1.43698 0.15169 1
7341343 13.947 0.492 1.874 0.031 243.197 29.592 LC 7341343 4402.0 200.0 141.35987 29.80248 20.47707 1.09415 1.65208 0.27041 1
7346365 52.124 0.723 5.293 0.02 95.366 6.49 LC 7346365 4667.0 200.0 41.55752 7.45932 9.87766 0.26294 1.4793 0.11866 1
7346442 48.893 0.645 5.22 0.026 107.917 9.128 LC 7346442 4771.0 200.0 43.15699 7.59451 9.63189 0.25712 1.33403 0.10766 1
7365701 30.464 0.863 4.089 0.069 115.78 9.066 LC 7365701 4913.0 200.0 51.52665 9.76806 9.92492 0.48172 0.89558 0.13386 1
7366820 37.335 1.205 4.226 0.057 102.634 6.679 LC 7366820 4869.0 200.0 64.84939 12.26338 11.33648 0.53066 1.42555 0.20385 1
7376493 1350.853 61.816 74.91 0.893 9.949 1.541 SC 7376493 5531.0 200.0 1.62655 0.29493 1.39133 0.07607 0.82806 0.13725 0
7378357 7.462 0.43 1.447 0.092 300.188 43.464 LC 7378357 4587.0 200.0 139.85331 46.44299 18.75787 2.65048 0.75714 0.33508 1
7382407 44.616 0.953 4.745 0.02 84.811 5.746 LC 7382407 4755.0 200.0 51.7585 9.28548 10.61927 0.33067 1.47722 0.13856 1
7384523 34.651 2.489 4.108 0.1 108.058 8.463 LC 7384523 4643.0 200.0 49.32827 12.24924 10.87315 0.97215 1.18855 0.32401 1
7386523 919.147 154.606 48.252 1.905 10.856 1.314 SC 7386523 5568.0 200.0 4.5227 1.80934 2.28931 0.42738 1.53051 0.86564 0
7387188 34.677 0.953 4.139 0.094 137.735 8.151 LC 7387188 4632.0 200.0 47.37364 9.81986 10.70622 0.61358 1.15183 0.20483 1
7420223 33.627 0.993 4.259 0.061 116.121 7.286 LC 7420223 4798.0 200.0 47.38486 9.02911 9.97939 0.46024 0.98768 0.13955 1
7429055 59.313 1.585 6.137 0.021 88.754 5.973 LC 7429055 4624.0 200.0 28.42871 5.3069 8.32238 0.29171 1.18945 0.12534 1
7429287 1344.521 37.989 71.229 0.8 10.765 1.487 SC 7429287 5552.0 200.0 2.00885 0.33175 1.53455 0.0619 1.00448 0.12364 0
7435143 62.271 1.302 6.168 0.022 94.93 7.354 LC 7435143 4532.0 200.0 27.77387 5.20046 8.56334 0.26738 1.3089 0.12296 1
7439931 242.076 2.379 17.392 0.184 15.875 2.344 LC 7439931 5020.0 200.0 11.07176 1.89067 4.40662 0.13518 1.41809 0.13392 1
7445698 39.724 1.109 4.137 0.023 97.418 6.429 LC 7445698 4794.0 200.0 73.96848 13.47768 12.48913 0.45686 1.82665 0.20149 1
7446560 12.468 0.172 1.832 0.017 423.645 53.83 LC 7446560 4399.0 200.0 123.26909 23.80049 19.14802 0.62091 1.29096 0.12785 1
7448051 34.15 0.795 3.811 0.023 131.832 10.594 LC 7448051 4587.0 200.0 60.87823 11.4005 12.37594 0.42204 1.50835 0.15538 1
7448374 773.548 27.683 43.729 0.714 10.955 0.802 SC 7448374 5484.0 200.0 4.40125 0.78731 2.32808 0.12051 1.32197 0.20979 0
7448746 5.893 0.582 1.067 0.037 406.915 70.225 LC 7448746 4525.0 200.0 275.6137 83.3543 27.05939 3.31983 1.23587 0.46288 1
7457184 67.504 2.655 5.94 0.038 54.886 3.2 LC 7457184 4731.0 200.0 47.04036 9.07569 10.22667 0.47501 2.06759 0.28932 1
7465072 1403.458 52.17 68.824 3.387 10.631 1.129 SC 7465072 5930.0 200.0 3.49064 0.88041 1.77316 0.18894 1.44682 0.48392 0
7466616 76.559 2.693 6.285 0.077 45.817 1.986 LC 7466616 4610.0 200.0 42.41004 8.41256 10.22674 0.49134 2.31479 0.33842 1
7500388 39.701 0.964 4.658 0.028 123.865 8.974 LC 7500388 4689.0 200.0 41.15274 7.57303 9.73741 0.33576 1.09754 0.1143 1
7510397 1150.412 34.649 62.439 0.391 5.732 0.345 SC 7510397 5972.0 200.0 3.58653 0.54772 1.77216 0.06498 1.1888 0.13161 0
7513379 109.48 1.901 9.041 0.028 41.127 2.516 LC 7513379 5012.0 200.0 30.76463 5.18723 7.369 0.20018 1.79204 0.14647 1
7522297 32.102 1.049 4.151 0.098 143.859 11.141 LC 7522297 4847.0 200.0 50.35134 10.33533 10.08009 0.61505 0.96691 0.18278 1
7523875 84.385 2.063 7.699 0.023 46.569 2.612 LC 7523875 4899.0 200.0 31.01152 5.44838 7.74375 0.25093 1.50804 0.14688 1
7529180 1881.79 143.891 79.502 5.486 4.873 0.317 SC 7529180 6367.0 200.0 5.02918 1.71544 1.84622 0.29273 2.17919 1.07932 0
7529215 90.505 1.523 8.318 0.02 63.66 3.423 LC 7529215 4921.0 200.0 26.77497 4.58357 7.1312 0.19125 1.37472 0.1108 1
7530690 2174.968 145.473 97.602 1.945 5.892 0.589 SC 7530690 6579.0 200.0 3.48388 0.69642 1.43918 0.11417 1.55581 0.37542 0
7540130 12.218 0.438 1.629 0.019 191.154 20.571 LC 7540130 4363.0 200.0 181.73336 37.70229 23.63478 1.14686 1.91949 0.28299 1
7543672 19.343 1.204 2.196 0.029 129.074 12.239 LC 7543672 4579.0 200.0 175.61605 39.55047 21.09335 1.4988 2.47965 0.53262 1
7581399 82.77 3.053 6.595 0.08 36.865 1.496 LC 7581399 5097.0 200.0 67.55423 12.45108 10.55849 0.5101 2.80494 0.41219 1
7581822 160.831 1.047 13.066 0.023 64.279 2.554 LC 7581822 4800.0 200.0 12.26218 2.1144 5.07231 0.11214 1.22066 0.08108 1
7584900 318.088 3.388 21.662 0.185 38.227 5.489 SC 7584900 4801.0 200.0 6.35553 1.12121 3.6502 0.10573 1.25037 0.11073 0
7585523 34.969 2.451 3.945 0.116 91.326 6.527 LC 7585523 4918.0 200.0 78.76145 19.54795 12.24573 1.14775 1.5658 0.4498 1
7587099 34.924 1.334 3.923 0.044 87.287 5.394 LC 7587099 4879.0 200.0 77.20075 14.73194 12.31839 0.60125 1.57611 0.23348 1
7591642 25.664 1.194 3.65 0.115 130.986 16.889 LC 7591642 4780.0 200.0 50.21222 11.70088 10.35032 0.83914 0.80935 0.20335 1
7591963 1096.306 73.852 59.204 1.805 11.117 1.038 SC 7591963 5702.0 200.0 3.19733 0.74257 1.83546 0.16985 1.18748 0.33752 0
7594865 30.783 1.893 3.902 0.107 136.789 8.967 LC 7594865 4902.0 200.0 62.7382 14.77432 11.0008 0.93381 1.11055 0.28929 1
7595155 26.142 2.351 3.817 0.117 177.295 14.526 LC 7595155 4579.0 200.0 35.14268 9.92839 9.43585 1.04746 0.67062 0.22709 1
7595285 29.372 0.989 3.819 0.07 136.926 10.42 LC 7595285 4856.0 200.0 59.38195 11.689 10.90623 0.58749 1.0366 0.17177 1
7596701 45.89 0.696 5.066 0.029 91.091 6.975 LC 7596701 4829.0 200.0 45.52543 7.96433 9.65645 0.2714 1.26611 0.10773 1
7601803 357.956 6.928 25.698 1.185 16.653 2.307 SC 7601803 6066.0 200.0 13.08479 3.04064 3.28083 0.31386 1.27773 0.38517 0
7611069 156.781 1.719 12.627 0.047 47.899 1.97 LC 7611069 4929.0 200.0 15.25362 2.58376 5.36505 0.13001 1.34899 0.09858 1
7611858 1508.337 177.645 75.677 4.024 7.474 1.453 SC 7611858 5684.0 200.0 2.23154 0.77871 1.54312 0.24637 1.15296 0.56568 0
7618122 72.1 1.182 6.948 0.028 95.261 6.451 LC 7618122 4631.0 200.0 25.76309 4.68309 7.89867 0.22341 1.30338 0.11109 1
7619034 45.639 1.141 4.805 0.057 88.135 5.977 LC 7619034 4796.0 200.0 53.76346 9.95928 10.63874 0.42855 1.52316 0.18758 1
7619745 166.431 1.422 13.114 0.039 41.266 1.823 LC 7619745 4980.0 200.0 15.5549 2.59596 5.30737 0.12004 1.40863 0.09595 1
7622208 1071.395 35.289 56.688 4.767 10.099 1.357 SC 7622208 6330.0 200.0 6.12556 2.24611 2.06144 0.35478 1.54235 0.83752 0
7626457 171.159 2.308 13.303 0.021 30.518 1.227 LC 7626457 4770.0 200.0 12.52523 2.19293 5.19112 0.13043 1.35635 0.10233 1
7628676 476.635 12.362 28.5 0.574 17.505 2.464 SC 7628676 4963.0 200.0 5.6222 1.07835 3.21269 0.16697 1.47566 0.23764 0
7661609 23.161 0.61 2.678 0.031 135.933 13.103 LC 7661609 4537.0 200.0 108.71986 21.1804 16.90525 0.70018 1.89835 0.23994 1
7662025 27.507 0.792 4.008 0.16 138.839 11.994 LC 7662025 4881.0 200.0 44.04659 10.54881 9.29701 0.81173 0.70725 0.19367 1
7663241 21.409 2.095 3.109 0.108 140.851 14.668 LC 7663241 4717.0 200.0 62.12007 18.44583 11.82195 1.44073 0.87498 0.32562 1
7667657 44.252 1.168 4.423 0.068 72.084 4.019 LC 7667657 4926.0 200.0 80.47533 14.96751 12.33807 0.55921 2.0131 0.28063 1
7668623 820.519 52.332 46.528 1.528 7.83 0.52 SC 7668623 6013.0 200.0 6.12306 1.40075 2.28405 0.21253 1.41331 0.4053 0
7668782 13.514 0.809 2.03 0.022 275.614 32.68 LC 7668782 4540.0 200.0 112.4749 24.94942 17.172 1.15687 1.14326 0.23239 1
7670419 29.304 1.281 3.714 0.049 122.525 12.428 LC 7670419 4651.0 200.0 53.26116 10.89759 11.25945 0.6238 1.07876 0.18154 1
7671562 30.555 0.787 3.818 0.072 120.362 12.585 LC 7671562 4760.0 200.0 58.2168 11.40153 11.23867 0.56499 1.13372 0.17625 1
7672405 14.629 0.749 1.889 0.02 163.906 18.943 LC 7672405 4825.0 200.0 238.3311 48.54473 22.13097 1.30916 2.11912 0.37874 1
7674224 129.684 1.25 10.718 0.022 59.259 2.877 LC 7674224 4833.0 200.0 18.22193 3.13244 6.09914 0.14145 1.42798 0.09953 1
7677317 23.138 0.998 3.08 0.049 135.64 15.689 LC 7677317 4583.0 200.0 65.22149 13.66016 12.83218 0.7426 1.09823 0.19384 1
7680114 1684.496 46.336 85.111 0.603 8.192 0.715 SC 7680114 5578.0 200.0 1.58337 0.25376 1.34971 0.04827 0.97584 0.1056 0
7685724 36.152 2.758 4.196 0.106 111.192 6.785 LC 7685724 4967.0 200.0 69.11721 17.07818 11.2463 1.05368 1.37211 0.39185 1
7693833 32.262 0.623 4.074 0.025 103.632 7.719 LC 7693833 4848.0 200.0 54.86611 9.6643 10.51796 0.32402 1.0581 0.09865 1
7693845 248.587 5.666 17.87 0.734 32.27 4.357 SC 7693845 4799.0 200.0 8.36383 2.02463 4.19089 0.3678 1.28782 0.35519 0
7697146 59.472 1.953 5.777 0.04 59.136 3.201 LC 7697146 4853.0 200.0 46.35107 8.54086 9.64748 0.39716 1.64186 0.20404 1
7700968 2082.02 124.904 102.59 3.362 6.022 1.228 SC 7700968 5741.0 200.0 1.32337 0.30239 1.16485 0.10547 0.9114 0.25467 0
7701048 42.727 0.661 4.166 0.026 87.202 5.899 LC 7701048 4551.0 200.0 64.15856 11.90178 12.90679 0.38243 2.04448 0.18352 1
7729396 8.441 0.409 1.387 0.02 285.644 47.578 LC 7729396 4478.0 200.0 187.97283 40.59037 22.81834 1.38389 1.25226 0.23069 1
7732065 12.331 0.843 1.831 0.021 285.327 35.31 LC 7732065 4524.0 200.0 139.01091 32.31047 19.22578 1.45004 1.30532 0.29686 1
7732335 79.881 2.196 7.595 0.035 48.521 2.775 LC 7732335 4940.0 200.0 30.59168 5.40595 7.56402 0.26748 1.36774 0.14564 1
7734065 26.142 1.234 3.541 0.117 145.216 10.856 LC 7734065 4990.0 200.0 72.9238 16.89721 11.44559 0.95739 1.03004 0.26729 1
7739672 1362.16 191.534 66.109 1.735 6.563 1.064 SC 7739672 5863.0 200.0 3.64927 1.20971 1.85468 0.28016 1.52762 0.69689 0
7749249 71.713 1.236 6.669 0.023 67.427 3.846 LC 7749249 4740.0 200.0 33.73163 6.00047 8.62714 0.24244 1.56463 0.13235 1
7764335 9.489 0.651 1.538 0.117 226.784 32.035 LC 7764335 4353.0 200.0 136.38028 52.34351 20.56853 3.46522 1.12775 0.59525 1
7771282 1455.583 110.372 72.577 2.28 6.871 1.032 SC 7771282 6083.0 200.0 3.44873 0.82457 1.67494 0.16722 1.35608 0.415 0
7771603 36.812 2.599 3.771 0.033 71.234 6.029 LC 7771603 4587.0 200.0 73.78857 17.06453 13.62517 1.03464 1.97073 0.45027 1
7799349 560.945 5.906 33.676 0.344 15.393 1.589 SC 7799349 4920.0 200.0 3.82452 0.66468 2.69627 0.08273 1.21792 0.11483 0
7799430 468.331 7.011 29.784 1.471 22.439 2.759 SC 7799430 4936.0 200.0 4.42835 1.15337 2.88254 0.29384 1.16408 0.3741 0
7799762 17.246 1.324 2.256 0.022 181.854 24.769 LC 7799762 4569.0 200.0 123.97064 29.77119 17.80008 1.46278 1.57265 0.38893 1
7802551 13.446 0.332 1.769 0.022 241.864 27.582 LC 7802551 4530.0 200.0 190.96711 37.25094 22.47437 0.93089 1.94629 0.24664 1
7808227 32.148 0.644 4.082 0.07 130.002 7.731 LC 7808227 5007.0 200.0 63.51796 11.61429 10.60957 0.47167 1.09026 0.15014 1
7812552 212.712 2.443 16.918 0.755 44.719 6.216 SC 7812552 4930.0 200.0 8.72198 2.14303 4.05526 0.37409 1.04579 0.30409 0
7821234 35.31 1.238 4.1 0.11 121.176 9.674 LC 7821234 4770.0 200.0 59.08056 12.71541 11.27432 0.76033 1.31986 0.27626 1
7831348 35.06 1.041 4.064 0.019 114.061 10.164 LC 7831348 4716.0 200.0 56.99945 10.57963 11.32902 0.42671 1.31575 0.14918 1
7833440 1118.435 112.924 66.218 0.925 9.577 0.855 SC 7833440 6062.0 200.0 2.88795 0.72143 1.54336 0.16367 0.88317 0.28206 0
7841410 7.667 0.723 1.187 0.043 318.681 44.217 LC 7841410 4098.0 200.0 185.56689 57.81196 27.07142 3.28639 1.53152 0.5687 1
7847454 193.369 5.095 15.06 1.391 35.172 4.381 SC 7847454 4916.0 200.0 11.31686 4.6304 4.64562 0.872 1.24586 0.73834 0
7867854 32.603 1.111 4.062 0.197 118.701 10.604 LC 7867854 4981.0 200.0 64.91287 17.13578 10.8377 1.13525 1.15075 0.37846 1
7868532 74.443 1.089 7.042 0.029 105.989 6.503 LC 7868532 4554.0 200.0 23.93434 4.40781 7.8728 0.21761 1.32577 0.11048 1
7870112 1381.537 104.463 69.966 1.234 8.038 0.928 SC 7870112 5540.0 200.0 2.25382 0.50398 1.63247 0.13936 1.1668 0.30164 0
7871531 3756.098 98.657 153.323 4.139 4.728 0.608 SC 7871531 5153.0 200.0 0.50297 0.10063 0.89136 0.05624 0.91215 0.17955 0
7872519 33.536 0.953 4.129 0.041 135.134 9.625 LC 7872519 4872.0 200.0 57.59331 10.53434 10.67029 0.4299 1.13477 0.139 1
7880676 1017.274 59.002 53.728 1.224 8.737 0.668 SC 7880676 5969.0 200.0 5.10239 1.03121 2.11587 0.16003 1.49815 0.34672 0
7888403 45.844 1.856 5.238 0.029 105.175 7.922 LC 7888403 4590.0 200.0 30.84318 6.1162 8.79749 0.41603 1.02352 0.14565 1
7905696 44.798 1.258 4.585 0.02 89.093 5.407 LC 7905696 4599.0 200.0 50.66052 9.55979 11.23085 0.41073 1.63157 0.17957 1
7914731 583.321 35.915 34.57 1.979 12.587 1.319 SC 7914731 5368.0 200.0 5.75802 1.73884 2.77918 0.36498 1.40552 0.57665 0
7919558 38.45 0.91 4.026 0.028 80.52 5.285 LC 7919558 4624.0 200.0 64.50293 12.03594 12.53599 0.4381 1.7495 0.18503 1
7935931 31.17 1.221 3.907 0.034 129.013 14.652 LC 7935931 4700.0 200.0 51.85396 10.12583 10.87928 0.52063 1.0769 0.15574 1
7936033 13.765 0.828 2.066 0.026 269.102 39.934 LC 7936033 4385.0 200.0 91.42644 20.92288 16.59592 1.14643 1.06894 0.22315 1
7938029 20.363 0.624 2.696 0.024 249.21 30.362 LC 7938029 4401.0 200.0 70.26734 14.07666 14.44371 0.60807 1.19996 0.15305 1
7938112 1196.391 71.451 62.542 2.504 7.674 0.961 SC 7938112 6190.0 200.0 4.61004 1.107 1.87015 0.18924 1.40172 0.44008 0
7940546 1058.595 27.749 58.533 0.388 8.795 0.478 SC 7940546 5987.0 200.0 3.98195 0.59626 1.85795 0.06278 1.20391 0.12308 0
7948086 43.774 2.446 4.584 0.042 80.202 5.754 LC 7948086 4977.0 200.0 71.85962 14.60086 11.4212 0.70976 1.7152 0.32131 1
7949599 34.332 1.518 4.031 0.083 116.897 6.664 LC 7949599 4730.0 200.0 57.31198 12.15735 11.29289 0.72291 1.28212 0.25182 1
7955392 42.932 1.315 4.172 0.039 59.239 3.412 LC 7955392 4959.0 200.0 98.93461 17.91852 13.49866 0.55564 2.34558 0.29295 1
7957166 197.62 3.095 14.272 0.022 25.395 1.344 LC 7957166 4971.0 200.0 15.49294 2.61723 5.31599 0.13651 1.67653 0.12926 1
7967534 28.303 0.669 4.104 0.345 182.167 16.11 LC 7967534 4756.0 200.0 37.25954 14.20592 9.00616 1.54077 0.6741 0.36406 1
7974439 8.555 0.241 1.35 0.029 337.752 44.895 LC 7974439 4376.0 200.0 191.72741 41.15129 24.13194 1.3569 1.40324 0.24426 1
7976303 850.31 15.122 49.227 0.536 12.219 0.713 SC 7976303 6005.0 200.0 5.21313 0.77357 2.11314 0.06905 1.2528 0.12581 0
8005116 38.223 1.715 4.206 0.041 113.876 6.755 LC 8005116 4731.0 200.0 59.99705 11.99252 11.54952 0.6155 1.4932 0.2405 1
8005874 10.102 0.747 1.615 0.023 360.507 53.969 LC 8005874 4331.0 200.0 123.95334 30.70669 19.80877 1.63496 1.11073 0.27684 1
8006161 3480.983 150.158 149.282 0.293 2.906 0.265 SC 8006161 5184.0 200.0 0.49533 0.08972 0.87402 0.04144 0.8152 0.11601 0
8012842 2000.352 284.285 95.845 1.026 5.691 1.159 SC 8012842 5601.0 200.0 1.41728 0.45772 1.26649 0.18342 1.02243 0.44476 0
8016496 1053.107 98.78 54.992 2.941 8.668 1.364 SC 8016496 6160.0 200.0 5.83234 1.83395 2.12405 0.30414 1.58775 0.70286 0
