notebooks/huber2011.ecsv
# %ECSV 1.0
# ---
# datatype:
# - {name: KIC, datatype: int64}
# - {name: numax, datatype: float64}
# - {name: sig_numax, datatype: float64}
# - {name: delta_nu, datatype: float64}
# - {name: sig_Dnu, datatype: float64}
# - {name: amp, datatype: float64}
# - {name: sig_amp, datatype: float64}
# - {name: cad_1, datatype: string}
# - {name: ID, datatype: int64}
# - {name: teff, datatype: float64}
# - {name: sig_teff, datatype: float64}
# - {name: lum, datatype: float64}
# - {name: sig_lum, datatype: float64}
# - {name: rad, datatype: float64}
# - {name: sig_rad, datatype: float64}
# - {name: mass, datatype: float64}
# - {name: sig_mass, datatype: float64}
# - {name: cad_2, datatype: int64}
# meta: !!omap
# - comments: ['#########################################################################################', '# Global oscillation parameters
#       of 1686 Kepler stars, Huber et al. (2011, ApJ 743, 143)', '#########################################################################################',
#     '# numax: frequency of maximum power in muHz', '# Dnu: large frequency separation in muHz', '# amp: amplitude per radial mode in
#       ppm', '# sig_*: 1-sigma uncertainties', '# cad: Kepler data used. LC=long-cadence, SC=short-cadence', '#########################################################################################',
#     '#   KIC    |    numax   | sig_numax | delta_nu | sig_Dnu  |    amp     | sig_amp  |  cad', fundamental properties of stars derived
#       using the direct method with SYD results, 'LC (cad=1): Q0-6', 'SC (cad=0): Q0-4 survey data', '--------------------------------------------------------------------------------',
#     ID|teff|sig_teff|lum|sig_lum|rad|sig_rad|mass|sig_mass|cad]
# schema: astropy-2.0
KIC numax sig_numax delta_nu sig_Dnu amp sig_amp cad_1 ID teff sig_teff lum sig_lum rad sig_rad mass sig_mass cad_2
[from data line 525]
6421579 8.031 0.203 1.496 0.045 338.554 52.128 LC 6421579 4369.0 200.0 111.15162 25.50609 18.43311 1.2747 0.76798 0.16589 1
6421967 2309.909 188.073 105.712 1.989 5.815 1.298 SC 6421967 6197.0 200.0 2.11735 0.47292 1.26456 0.11525 1.23809 0.34169 0
6424157 99.174 0.992 8.807 0.027 62.832 3.233 LC 6424157 4777.0 200.0 22.05223 3.84173 6.86785 0.16481 1.3766 0.09946 1
6430804 363.958 5.906 20.701 0.635 26.447 3.295 SC 6430804 4892.0 200.0 10.95878 2.31235 4.6165 0.30778 2.30999 0.48327 0
6431941 21.159 0.596 2.816 0.018 253.711 23.094 LC 6431941 4642.0 200.0 83.21048 15.65256 14.12809 0.53256 1.22519 0.13943 1
6444595 20.499 0.52 2.635 0.028 199.093 17.09 LC 6444595 4574.0 200.0 94.62728 18.17314 15.51746 0.61546 1.42139 0.1718 1
6448010 34.105 1.39 4.131 0.059 118.791 7.883 LC 6448010 4827.0 200.0 56.75374 11.22128 10.79064 0.58172 1.17474 0.19293 1
6448798 741.317 36.676 42.916 4.014 8.85 1.028 SC 6448798 6064.0 200.0 7.2031 2.95462 2.43583 0.47303 1.45836 0.89235 0
6450651 1131.023 67.775 64.242 2.906 10.489 1.349 SC 6450651 5653.0 200.0 2.35101 0.61479 1.6013 0.17606 0.92843 0.31755 0
6451238 31.898 1.551 3.88 0.051 116.294 11.324 LC 6451238 4687.0 200.0 55.06396 11.4416 11.27323 0.66794 1.18168 0.21233 1
6465610 41.385 3.156 4.383 0.061 69.901 4.246 LC 6465610 4692.0 200.0 57.2246 13.69204 11.4678 0.96251 1.58735 0.40212 1
6500038 51.259 0.95 5.365 0.031 91.132 6.379 LC 6500038 4595.0 200.0 35.22748 6.50653 9.38155 0.28926 1.30212 0.12138 1
6500623 15.335 0.296 1.996 0.026 225.983 22.092 LC 6500623 4346.0 200.0 124.55659 24.97581 19.72008 0.78404 1.67393 0.20437 1
6505025 32.535 1.966 4.101 0.13 130.225 7.952 LC 6505025 4819.0 200.0 52.73754 12.91426 10.4364 0.93936 1.04742 0.29052 1
6505044 302.178 4.271 20.718 0.442 29.799 3.751 SC 6505044 4870.0 200.0 7.36159 1.4113 3.81797 0.18867 1.30883 0.20191 0
6508328 38.245 1.972 4.261 0.056 105.458 6.6 LC 6508328 4708.0 200.0 55.65166 11.68379 11.23236 0.69247 1.40969 0.26334 1
6508366 925.719 42.141 51.632 0.945 8.242 0.424 SC 6508366 6271.0 200.0 6.34102 1.11538 2.13703 0.1294 1.42547 0.26415 0
6508943 34.105 0.917 4.111 0.031 126.01 10.606 LC 6508943 4747.0 200.0 53.22737 9.81149 10.80522 0.40345 1.16811 0.13203 1
6520835 889.779 31.878 49.736 0.6 9.683 0.653 SC 6520835 5886.0 200.0 4.9565 0.8158 2.14463 0.09954 1.33686 0.18892 0
6522182 8.536 0.844 1.32 0.044 377.882 57.351 LC 6522182 4363.0 200.0 205.7462 62.61089 25.14781 3.05379 1.51823 0.56228 1
6529109 1133.46 26.246 59.924 0.43 11.178 1.007 SC 6529109 5584.0 200.0 2.93311 0.46169 1.83307 0.05976 1.21179 0.11979 0
6530901 1384.174 158.039 80.103 2.509 7.192 0.662 SC 6530901 6132.0 200.0 2.18771 0.64129 1.31279 0.1723 0.79538 0.31712 0
6547007 36.607 0.588 4.526 0.028 115.202 10.483 LC 6547007 4757.0 200.0 42.18213 7.50963 9.57861 0.27976 0.98634 0.08728 1
6549467 7.758 0.793 1.217 0.05 258.282 38.363 LC 6549467 4210.0 200.0 196.76162 64.41241 26.41257 3.52034 1.49521 0.61035 1
6579495 84.658 1.258 8.172 0.046 79.463 3.84 LC 6579495 4778.0 200.0 21.69931 3.83142 6.80982 0.19087 1.15545 0.09802 1
6579998 32.694 0.91 4.252 0.148 138.762 10.359 LC 6579998 4969.0 200.0 53.71564 12.01406 9.90643 0.769 0.963 0.23407 1
6580479 34.469 1.306 4.19 0.058 88.829 6.955 LC 6580479 4789.0 200.0 52.6524 10.32548 10.55903 0.54233 1.13237 0.17728 1
6586554 56.242 1.088 5.291 0.296 67.458 4.099 LC 6586554 4881.0 200.0 60.63274 17.16187 10.90789 1.25857 1.99061 0.72414 1
6587236 480.955 28.71 32.06 2.173 14.336 1.343 SC 6587236 5791.0 200.0 7.73242 2.54154 2.76729 0.41267 1.19339 0.55786 0
6591336 24.276 1.036 2.951 0.019 160.209 15.834 LC 6591336 4416.0 200.0 70.7645 14.64297 14.39641 0.7198 1.42361 0.21432 1
6592305 841.945 23.67 46.785 0.608 9.134 0.78 SC 6592305 5867.0 200.0 5.57717 0.89267 2.28971 0.09596 1.4396 0.18483 0
6593461 1927.194 337.24 90.758 1.989 8.485 1.341 SC 6593461 5641.0 200.0 1.69545 0.66001 1.36564 0.24754 1.14938 0.62705 0
6593620 1274.074 69.643 67.665 1.739 7.869 2.178 SC 6593620 5552.0 200.0 2.215 0.46767 1.61136 0.12434 1.04953 0.24887 0
6593623 37.54 0.669 4.166 0.023 106.664 8.04 LC 6593623 4666.0 200.0 56.10839 10.19127 11.48231 0.34424 1.43951 0.13044 1
6603624 2402.183 51.311 110.364 0.192 5.666 0.47 SC 6603624 5416.0 200.0 0.98285 0.15558 1.12795 0.03209 0.95768 0.0818 0
6605673 1273.423 73.387 68.011 0.515 9.776 1.114 SC 6605673 5940.0 200.0 3.03916 0.55605 1.64895 0.1021 1.13625 0.21177 0
6606106 32.671 1.432 3.971 0.064 125.724 9.316 LC 6606106 4857.0 200.0 62.91562 12.68743 11.22142 0.65278 1.22077 0.21665 1
6610828 34.241 1.861 4.072 0.06 111.104 6.892 LC 6610828 4867.0 200.0 63.14823 13.24555 11.19599 0.72942 1.27495 0.25201 1
6612225 1112.885 30.287 60.204 2.365 9.187 0.801 SC 6612225 6160.0 200.0 4.53415 0.96795 1.8728 0.15866 1.30441 0.34699 0
6612293 43.774 1.314 4.46 0.039 81.164 5.384 LC 6612293 4764.0 200.0 64.43836 12.01898 11.80412 0.47913 1.7925 0.22051 1
6614588 40.793 1.008 4.47 0.101 91.341 6.165 LC 6614588 4877.0 200.0 62.35879 12.34645 11.08021 0.61424 1.48918 0.25664 1
6665058 107.455 0.857 9.691 0.064 86.018 6.348 LC 6665058 4778.0 200.0 17.67674 3.09916 6.1463 0.15982 1.19472 0.09452 1
6665526 198.627 10.074 16.644 0.471 19.809 4.505 SC 6665526 5121.0 200.0 9.81776 2.17396 3.98751 0.31288 0.9623 0.23298 0
6671492 732.84 23.652 42.129 0.89 12.62 1.154 SC 6671492 5909.0 200.0 6.65973 1.16844 2.46664 0.13763 1.45937 0.25194 0
6679371 979.916 32.516 50.17 1.184 9.003 0.398 SC 6679371 6313.0 200.0 8.24087 1.43632 2.40392 0.14383 1.91574 0.35555 0
6680734 17.064 0.63 2.404 0.027 204.088 19.899 LC 6680734 4597.0 200.0 97.04854 19.32427 15.55787 0.75273 1.19236 0.17513 1
6688822 810.157 36.567 45.887 0.786 9.148 0.706 SC 6688822 5330.0 200.0 3.45309 0.66223 2.183 0.1303 1.20014 0.21881 0
6689943 1682.134 59.195 80.695 2.681 6.553 0.686 SC 6689943 5717.0 200.0 2.20988 0.46048 1.51793 0.11718 1.24779 0.30064 0
6690139 113.776 1.13 9.637 0.031 48.184 2.111 LC 6690139 4950.0 200.0 24.18536 4.0695 6.69839 0.15683 1.52927 0.10786 1
6693861 764.723 84.813 46.698 1.012 11.947 1.309 SC 6693861 5575.0 200.0 3.59114 1.00676 2.03484 0.24503 1.00665 0.36627 0
6696436 26.005 0.606 3.198 0.02 174.526 13.28 LC 6696436 4683.0 200.0 78.96113 14.5179 13.52269 0.45967 1.38559 0.14236 1
6701238 30.305 1.997 3.905 0.222 149.124 11.499 LC 6701238 4895.0 200.0 60.18671 18.78944 10.80562 1.43709 1.0541 0.43731 1
6718509 10.852 0.363 1.595 0.022 332.673 46.538 LC 6718509 4119.0 200.0 116.98454 25.52285 21.27577 1.05724 1.34235 0.20351 1
6751876 29.213 1.193 3.26 0.149 145.726 9.359 LC 6751876 4770.0 200.0 101.17343 26.76438 14.75371 1.50916 1.86994 0.59875 1
6755907 43.774 0.729 4.845 0.025 113.694 8.075 LC 6755907 4584.0 200.0 38.16569 7.02666 9.81188 0.2877 1.21488 0.1076 1
6762022 40.907 0.717 4.454 0.028 103.938 6.052 LC 6762022 4862.0 200.0 62.64146 10.96264 11.17393 0.33304 1.51638 0.13692 1
6766513 882.588 104.282 51.313 4.482 10.459 1.156 SC 6766513 6320.0 200.0 6.14306 2.71226 2.07092 0.43798 1.28125 0.84317 0
6768319 53.921 1.218 5.585 0.022 95.594 6.838 LC 6768319 4623.0 200.0 34.21648 6.31907 9.13429 0.2946 1.30245 0.12644 1
6779699 87.684 1.087 8.015 0.027 85.64 4.344 LC 6779699 4608.0 200.0 20.98851 3.80239 7.20063 0.18639 1.31404 0.10242 1
6780490 37.819 0.756 4.229 0.035 106.94 7.189 LC 6780490 4764.0 200.0 59.50052 10.75231 11.34284 0.37862 1.42998 0.14514 1
6783217 248.948 5.996 17.804 0.889 28.287 4.55 SC 6783217 5133.0 200.0 11.9178 3.10827 4.37281 0.45722 1.45213 0.47803 0
6802438 534.571 33.93 34.814 0.768 10.229 0.986 SC 6802438 5082.0 200.0 3.5757 0.80139 2.44352 0.19491 0.96882 0.23574 0
6804138 81.428 1.95 7.286 0.077 39.728 1.509 LC 6804138 4929.0 200.0 37.11741 6.64704 8.36905 0.31668 1.70489 0.19686 1
6805631 43.046 0.762 4.59 0.026 97.209 6.097 LC 6805631 4708.0 200.0 52.35882 9.4312 10.89499 0.32555 1.49278 0.13488 1
6806100 900.007 30.608 45.134 2.618 8.059 1.167 SC 6806100 5141.0 200.0 3.80108 1.10289 2.46186 0.30145 1.66528 0.64151 0
6837256 35.811 1.269 4.007 0.02 111.933 7.921 LC 6837256 4728.0 200.0 63.72877 12.06497 11.91839 0.50604 1.48929 0.19028 1
6837853 1856.879 175.44 89.832 1.759 7.695 1.952 SC 6837853 5639.0 200.0 1.63699 0.41162 1.34284 0.13939 1.07059 0.33601 0
6838375 187.888 2.947 13.586 0.617 42.847 4.719 SC 6838375 5072.0 200.0 18.85908 4.63553 5.63387 0.53104 1.80839 0.5371 0
6838420 30.578 1.72 3.478 0.021 175.602 15.807 LC 6838420 4300.0 200.0 50.93717 11.39172 12.88206 0.79938 1.41679 0.26431 1
6838707 33.035 1.694 4.133 0.064 130.274 8.351 LC 6838707 4742.0 200.0 48.62811 10.26906 10.34964 0.6573 1.03752 0.20027 1
6843557 47.915 1.158 4.872 0.028 82.482 5.583 LC 6843557 4576.0 200.0 44.33397 8.33418 10.61209 0.36666 1.5542 0.16208 1
6849167 34.946 1.036 4.229 0.051 119.459 7.723 LC 6849167 4947.0 200.0 61.34038 11.24862 10.68056 0.46177 1.19384 0.1575 1
6851499 52.306 0.92 5.625 0.021 102.739 8.786 LC 6851499 4702.0 200.0 34.05797 6.11314 8.80945 0.25187 1.18517 0.10204 1
6853020 994.631 91.245 54.827 2.485 7.822 0.838 SC 6853020 6225.0 200.0 5.54927 1.6091 2.02882 0.26368 1.37534 0.55054 0
6853465 84.863 1.312 7.471 0.025 44.782 2.73 LC 6853465 4917.0 200.0 36.02596 6.16257 8.28537 0.21881 1.73933 0.13829 1
6853779 11.216 0.405 1.705 0.101 229.633 29.29 LC 6853779 4584.0 200.0 163.37823 50.01661 20.30077 2.55307 1.33253 0.52695 1
6854095 29.622 1.039 3.873 0.203 141.148 9.759 LC 6854095 4880.0 200.0 58.52354 16.28502 10.72088 1.20528 1.01269 0.35767 1
6878800 21.432 0.738 2.728 0.026 239.489 19.404 LC 6878800 4466.0 200.0 79.89769 16.03732 14.95665 0.67727 1.36421 0.18714 1
6888756 14.402 0.903 1.92 0.021 257.842 22.945 LC 6888756 4094.0 200.0 95.18589 22.96522 19.42653 1.37454 1.48074 0.31598 1
6925158 90.961 1.193 7.991 0.025 63.53 3.638 LC 6925158 4737.0 200.0 26.24312 4.63166 7.61914 0.19527 1.54742 0.11937 1
6928997 120.765 1.132 9.977 0.04 54.38 2.485 LC 6928997 4807.0 200.0 20.48545 3.55035 6.53701 0.1581 1.52345 0.11121 1
6929729 64.933 1.328 6.066 0.022 61.873 4.415 LC 6929729 4749.0 200.0 40.78729 7.30021 9.45067 0.28576 1.7017 0.15486 1
6933899 1391.001 36.487 72.207 0.351 8.448 0.503 SC 6933899 5616.0 200.0 2.15608 0.33879 1.55376 0.05152 1.07151 0.1071 0
6936796 22.365 1.093 3.164 0.17 216.092 17.92 LC 6936796 4562.0 200.0 53.47626 15.90115 11.72667 1.408 0.88448 0.33247 1
6939158 30.191 0.675 3.405 0.014 154.341 12.561 LC 6939158 4575.0 200.0 73.69444 13.73926 13.688 0.44254 1.62908 0.15857 1
6947945 727.404 13.651 43.877 2.678 11.908 1.238 SC 6947945 5299.0 200.0 3.23419 0.94419 2.13747 0.26705 1.03006 0.40603 0
6949816 80.472 0.855 7.941 0.034 86.332 4.876 LC 6949816 4892.0 200.0 24.7408 4.22475 6.93647 0.17048 1.15307 0.08559 1
6951925 42.022 1.381 4.66 0.051 88.966 6.116 LC 6951925 4778.0 200.0 50.56304 9.5967 10.39511 0.46455 1.33644 0.18155 1
6952140 8.691 0.777 1.312 0.03 346.696 48.059 LC 6952140 4301.0 200.0 203.44361 56.4887 25.73285 2.65246 1.60702 0.50234 1
6952430 36.357 1.875 4.254 0.106 119.223 7.511 LC 6952430 4891.0 200.0 61.25861 13.56 10.91925 0.81429 1.29081 0.29586 1
6964342 40.611 1.108 4.363 0.024 108.57 8.803 LC 6964342 4590.0 200.0 50.28085 9.50533 11.23261 0.41119 1.47809 0.16314 1
7006979 35.356 1.205 4.151 0.055 118.259 8.237 LC 7006979 4891.0 200.0 63.89933 12.10401 11.15212 0.53272 1.30939 0.19082 1
7009852 650.402 11.891 38.908 0.382 15.857 2.188 SC 7009852 5472.0 200.0 4.91056 0.78553 2.46989 0.08018 1.24969 0.12415 0
7018252 27.438 0.659 3.555 0.124 138.339 10.71 LC 7018252 4849.0 200.0 68.51727 15.42691 11.74899 0.90006 1.12297 0.26971 1
7020371 15.903 0.421 2.121 0.029 226.457 19.866 LC 7020371 4555.0 200.0 132.87095 26.09438 18.54142 0.81468 1.57108 0.2115 1
7024018 74.443 3.631 6.678 0.035 23.562 1.285 LC 7024018 5148.0 200.0 54.63204 10.31002 9.30789 0.49832 1.97032 0.31713 1
7031016 33.672 1.264 4.161 0.048 125.485 9.491 LC 7031016 4816.0 200.0 53.13394 10.23209 10.48861 0.51089 1.09456 0.16193 1
7038145 764.052 30.487 43.018 1.219 12.452 1.184 SC 7038145 5815.0 200.0 6.14591 1.21879 2.4468 0.17473 1.4852 0.32913 0
7039075 46.823 1.075 4.712 0.097 82.045 5.08 LC 7039075 4853.0 200.0 64.91446 12.61439 11.41708 0.58737 1.81036 0.28918 1
7044886 44.008 1.579 4.263 0.042 74.867 4.173 LC 7044886 4597.0 200.0 65.27804 12.87163 12.75967 0.59148 2.06842 0.29052 1
7048889 31.465 0.782 3.788 0.027 157.052 13.17 LC 7048889 4437.0 200.0 44.83895 8.72048 11.35151 0.4138 1.14993 0.12682 1
7049306 34.173 1.403 4.046 0.076 116.95 9.125 LC 7049306 4585.0 200.0 47.87977 10.12682 10.98505 0.65659 1.18891 0.21782 1
7060732 130.594 1.211 10.919 0.023 50.742 1.917 LC 7060732 4673.0 200.0 14.49728 2.57525 5.81911 0.13791 1.28714 0.09167 1
7092067 51.532 0.708 5.387 0.028 115.583 7.535 LC 7092067 4621.0 200.0 36.02787 6.54796 9.38106 0.25949 1.31262 0.10978 1
7093179 30.988 0.915 3.701 0.022 142.884 10.191 LC 7093179 4527.0 200.0 52.76621 10.18179 11.82937 0.45833 1.24226 0.14515 1
7098252 24.981 0.276 3.233 0.073 172.564 10.233 LC 7098252 4673.0 200.0 69.01896 13.76675 12.69689 0.64982 1.17218 0.1876 1
7098276 230.651 3.252 16.478 0.31 48.125 6.995 SC 7098276 4889.0 200.0 10.92913 2.04194 4.61591 0.20812 1.46309 0.20541 0
7100955 4.96 0.217 0.943 0.024 732.157 142.276 LC 7100955 4145.0 200.0 206.41057 49.53793 27.90754 1.99047 1.05896 0.23291 1
7103006 1124.112 40.398 59.473 1.446 6.841 0.418 SC 7103006 6203.0 200.0 5.02969 0.90391 1.94523 0.12173 1.42641 0.27662 0
7103297 38.928 1.741 4.346 0.058 95.856 6.768 LC 7103297 4892.0 200.0 64.53424 12.78767 11.20281 0.6268 1.45495 0.24729 1
7106245 1888.279 188.287 110.654 1.715 7.924 0.913 SC 7106245 5812.0 200.0 0.85523 0.21593 0.91368 0.09669 0.51169 0.16323 0
7107778 528.54 11.047 31.432 0.638 13.798 1.394 SC 7107778 5008.0 200.0 4.88857 0.92046 2.94217 0.14662 1.37859 0.21357 0
7109120 61.497 1.534 5.943 0.027 91.301 6.564 LC 7109120 4541.0 200.0 31.74206 6.00552 9.11841 0.31452 1.4671 0.1524 1
7118721 66.923 2.795 6.119 0.04 50.036 2.926 LC 7118721 4975.0 200.0 52.79431 9.89592 9.79743 0.47183 1.92924 0.27987 1
7133688 1145.574 115.335 59.708 3.242 7.714 1.111 SC 7133688 6192.0 200.0 5.0964 1.65497 1.96505 0.29272 1.4821 0.68161 0
7134640 5.733 0.079 1.213 0.095 429.423 76.536 LC 7134640 4310.0 200.0 122.43334 45.06904 19.87925 3.15969 0.6333 0.31785 1
7174470 869.732 78.671 46.77 1.022 10.571 0.694 SC 7174470 5846.0 200.0 5.85313 1.43688 2.36255 0.24075 1.5804 0.48806 0
7175594 343.003 32.68 26.412 2.283 12.66 1.687 SC 7175594 5948.0 200.0 9.75974 4.08367 2.94701 0.58382 0.97822 0.60547 0
7177015 83.953 1.196 7.402 0.026 52.682 3.599 LC 7177015 4843.0 200.0 33.91885 5.87505 8.28698 0.21588 1.70835 0.13405 1
7204369 15.79 1.15 2.152 0.018 232.216 21.354 LC 7204369 4349.0 200.0 98.06971 23.67715 17.47404 1.36621 1.3538 0.31835 1
7205067 63.954 2.902 6.144 0.156 42.806 2.235 LC 7205067 4932.0 200.0 45.41911 9.79477 9.24651 0.65701 1.63503 0.35829 1
7206531 44.274 0.975 4.603 0.227 75.956 5.547 LC 7206531 4851.0 200.0 63.60374 16.79777 11.31054 1.16658 1.67966 0.54549 1
7206837 1591.85 67.696 78.953 2.372 7.003 0.48 SC 7206837 6100.0 200.0 2.98656 0.59694 1.55 0.1169 1.2718 0.29772 0
7213716 14.22 0.352 1.928 0.018 226.537 23.347 LC 7213716 4366.0 200.0 125.88744 25.02558 19.64393 0.75725 1.54379 0.18085 1
7216846 473.884 12.309 28.804 0.507 12.8 1.181 SC 7216846 4991.0 200.0 5.47852 1.02426 3.13589 0.1509 1.40178 0.20829 0
7258771 83.703 0.989 7.478 0.031 68.452 3.221 LC 7258771 4752.0 200.0 29.43846 5.1787 8.0188 0.20463 1.57975 0.12165 1
7259237 177.529 2.475 13.429 0.498 52.246 6.666 SC 7259237 4707.0 200.0 12.14165 2.80765 5.24874 0.4115 1.4287 0.35234 0
7259653 40.202 0.757 4.347 0.027 102.096 6.423 LC 7259653 4578.0 200.0 49.35241 9.16431 11.18684 0.35128 1.44941 0.13772 1
7264595 543.251 24.843 36.305 2.122 13.559 1.348 SC 7264595 5541.0 200.0 4.81137 1.40418 2.38431 0.30237 0.97884 0.38958 0
7270142 53.193 0.914 5.431 0.023 99.998 6.787 LC 7270142 4553.0 200.0 34.5041 6.38754 9.45681 0.27561 1.36673 0.12006 1
