notebooks/huber2011.ecsv
# %ECSV 1.0
# ---
# datatype:
# - {name: KIC, datatype: int64}
# - {name: numax, datatype: float64}
# - {name: sig_numax, datatype: float64}
# - {name: delta_nu, datatype: float64}
# - {name: sig_Dnu, datatype: float64}
# - {name: amp, datatype: float64}
# - {name: sig_amp, datatype: float64}
# - {name: cad_1, datatype: string}
# - {name: ID, datatype: int64}
# - {name: teff, datatype: float64}
# - {name: sig_teff, datatype: float64}
# - {name: lum, datatype: float64}
# - {name: sig_lum, datatype: float64}
# - {name: rad, datatype: float64}
# - {name: sig_rad, datatype: float64}
# - {name: mass, datatype: float64}
# - {name: sig_mass, datatype: float64}
# - {name: cad_2, datatype: int64}
# meta: !!omap
# - comments: ['#########################################################################################', '# Global oscillation parameters
#       of 1686 Kepler stars, Huber et al. (2011, ApJ 743, 143)', '#########################################################################################',
#     '# numax: frequency of maximum power in muHz', '# Dnu: large frequency separation in muHz', '# amp: amplitude per radial mode in
#       ppm', '# sig_*: 1-sigma uncertainties', '# cad: Kepler data used. LC=long-cadence, SC=short-cadence', '#########################################################################################',
#     '#   KIC    |    numax   | sig_numax | delta_nu | sig_Dnu  |    amp     | sig_amp  |  cad', fundamental properties of stars derived
#       using the direct method with SYD results, 'LC (cad=1): Q0-6', 'SC (cad=0): Q0-4 survey data', '--------------------------------------------------------------------------------',
#     ID|teff|sig_teff|lum|sig_lum|rad|sig_rad|mass|sig_mass|cad]
# schema: astropy-2.0
KIC numax sig_numax delta_nu sig_Dnu amp sig_amp cad_1 ID teff sig_teff lum sig_lum rad sig_rad mass sig_mass cad_2
[from data line 918]
8607720 166.342 5.6 12.771 0.448 20.861 4.703 SC 8607720 5064.0 200.0 18.78302 4.23095 5.64027 0.45283 1.60339 0.40223 0
8611833 39.497 1.979 4.146 0.071 81.628 6.535 LC 8611833 4861.0 200.0 77.70193 16.20828 12.45 0.79785 1.81742 0.35491 1
8612520 42.614 1.651 4.24 0.033 79.668 5.777 LC 8612520 4772.0 200.0 75.39387 14.46985 12.72541 0.59449 2.02972 0.28622 1
8612811 32.034 0.864 4.112 0.056 140.464 10.604 LC 8612811 4954.0 200.0 58.07412 10.64275 10.36297 0.44894 1.03097 0.1369 1
8613105 129.322 2.903 9.974 0.252 43.336 6.296 SC 8613105 4914.0 200.0 26.25644 5.27681 7.08194 0.41726 1.93591 0.35589 0
8613120 181.344 3.366 14.427 0.406 47.51 5.708 SC 8613120 4878.0 200.0 11.36852 2.34718 4.72904 0.29656 1.20604 0.23683 0
8621637 1032.159 26.86 57.065 1.706 11.524 1.41 SC 8621637 5555.0 200.0 2.88156 0.56939 1.8359 0.1242 1.10403 0.23358 0
8624155 79.185 1.787 7.026 0.051 41.454 1.718 LC 8624155 4944.0 200.0 41.21338 7.22115 8.7653 0.29454 1.8214 0.18551 1
8628585 37.13 1.246 4.177 0.063 113.474 8.279 LC 8628585 4797.0 200.0 62.37826 12.11088 11.45465 0.56936 1.43669 0.21857 1
8635595 1393.266 72.007 73.523 3.047 7.226 1.092 SC 8635595 5721.0 200.0 2.20764 0.53596 1.51504 0.15034 1.02993 0.31826 0
8649099 43.797 0.92 4.497 0.038 61.4 3.612 LC 8649099 4438.0 200.0 43.7851 8.47132 11.21226 0.39396 1.56176 0.16673 1
8652398 759.828 24.451 43.988 1.141 10.884 0.816 SC 8652398 5883.0 200.0 5.89224 1.09531 2.34071 0.14833 1.35956 0.26792 0
8669282 37.313 2.214 4.366 0.048 99.794 5.521 LC 8669282 4844.0 200.0 55.41135 11.75414 10.58756 0.70472 1.23949 0.249 1
8675885 226.809 4.701 16.491 0.589 38.057 5.622 SC 8675885 4821.0 200.0 9.82225 2.22656 4.50024 0.3475 1.35797 0.32919 0
8677016 1887.776 172.236 89.793 2.378 7.381 1.409 SC 8677016 5930.0 200.0 2.1797 0.55081 1.40118 0.1497 1.21522 0.39477 0
8683589 16.154 0.639 2.333 0.018 234.224 25.34 LC 8683589 4657.0 200.0 104.62249 20.54591 15.74 0.74892 1.16288 0.16696 1
8686058 44.707 0.997 4.735 0.103 89.046 5.719 LC 8686058 4882.0 200.0 59.79332 11.66982 10.82768 0.57393 1.55932 0.25707 1
8686389 23.093 1.2 3.009 0.041 169.776 17.218 LC 8686389 4650.0 200.0 76.68835 16.30782 13.51648 0.84468 1.22497 0.23207 1
8690009 29.213 1.399 3.621 0.036 133.513 10.507 LC 8690009 4656.0 200.0 58.89735 12.08801 11.81481 0.66311 1.18475 0.20087 1
8694723 1455.69 57.868 75.344 0.467 7.939 0.359 SC 8694723 6101.0 200.0 3.01398 0.4785 1.55659 0.06966 1.17302 0.15815 0
8696343 2396.72 273.246 106.212 7.148 7.39 1.125 SC 8696343 5861.0 200.0 1.69274 0.64292 1.26403 0.22401 1.24827 0.68458 0
8702606 663.756 12.877 39.92 0.381 13.29 1.229 SC 8702606 5308.0 200.0 3.96371 0.65248 2.35827 0.07806 1.14512 0.11579 0
8707667 35.128 0.897 3.93 0.042 106.849 8.427 LC 8707667 4594.0 200.0 57.39635 10.98892 11.98022 0.47661 1.45502 0.17642 1
8708654 57.243 2.954 5.377 0.047 40.758 2.847 LC 8708654 4846.0 200.0 56.80602 11.47859 10.71113 0.62405 1.94659 0.34194 1
8718745 129.615 1.386 11.353 0.035 60.017 2.697 LC 8718745 4699.0 200.0 12.56284 2.22634 5.3572 0.1318 1.08574 0.08041 1
8738809 893.005 26.755 48.685 0.68 11.147 0.729 SC 8738809 5848.0 200.0 5.26449 0.85854 2.23907 0.09939 1.45775 0.19835 0
8746834 55.468 0.683 5.873 0.024 101.604 9.027 LC 8746834 4692.0 200.0 31.88803 5.68304 8.56057 0.22202 1.18554 0.09275 1
8747415 137.783 1.685 11.355 0.029 43.562 1.741 LC 8747415 5027.0 200.0 19.87833 3.30311 5.88812 0.14074 1.4421 0.10367 1
8748278 34.218 2.46 3.974 0.088 103.118 6.937 LC 8748278 4848.0 200.0 68.17161 16.34013 11.72415 1.01908 1.3944 0.36882 1
8753234 56.037 1.454 5.4 0.037 71.296 3.83 LC 8753234 4918.0 200.0 57.61161 10.23458 10.47328 0.3739 1.83538 0.19817 1
8757215 34.537 1.052 4.253 0.034 129.652 8.882 LC 8757215 4840.0 200.0 52.50579 9.64763 10.32328 0.41426 1.09027 0.13241 1
8758700 31.67 0.873 3.935 0.099 142.109 8.891 LC 8758700 4790.0 200.0 57.19887 11.83397 11.00088 0.67165 1.12943 0.21453 1
8771414 42.705 2.974 4.247 0.044 69.593 6.307 LC 8771414 4602.0 200.0 62.74139 14.47475 12.48213 0.94661 1.92185 0.43905 1
8776961 1207.757 32.499 64.647 0.488 10.449 1.288 SC 8776961 5526.0 200.0 2.33353 0.37682 1.66951 0.05972 1.0655 0.11546 0
8782636 228.278 5.791 16.666 1.199 35.139 6.444 SC 8782636 4553.0 200.0 7.16611 2.46362 4.30974 0.63675 1.21816 0.56768 0
8802782 783.898 48.725 44.928 2.678 11.788 1.6 SC 8802782 5909.0 200.0 5.89133 1.78475 2.31998 0.31437 1.38094 0.58501 0
8803432 31.761 0.634 4.033 0.052 142.35 10.612 LC 8803432 4936.0 200.0 60.58204 10.86493 10.6617 0.40932 1.08 0.12747 1
8812397 69.074 1.261 6.703 0.027 82.782 4.782 LC 8812397 4807.0 200.0 32.89392 5.7935 8.28351 0.23878 1.39917 0.12152 1
8817551 750.621 82.026 42.087 3.112 10.496 1.204 SC 8817551 5521.0 200.0 4.99495 1.98265 2.447 0.45213 1.42197 0.81577 0
8818252 18.201 0.519 2.681 0.138 200.996 18.298 LC 8818252 4818.0 200.0 90.26719 24.71051 13.65954 1.48644 1.00367 0.34357 1
8827646 33.405 0.762 4.055 0.056 109.855 8.883 LC 8827646 4778.0 200.0 55.72921 10.41394 10.91325 0.45277 1.17093 0.14928 1
8827934 55.07 1.874 5.435 0.044 52.403 3.702 LC 8827934 4838.0 200.0 49.95212 9.30944 10.07743 0.43314 1.6563 0.21525 1
8839028 25.459 1.435 3.443 0.071 162.463 10.549 LC 8839028 4426.0 200.0 42.47998 9.89196 11.10386 0.81509 0.88917 0.19922 1
8840004 11.148 0.548 1.585 0.018 322.093 40.878 LC 8840004 4032.0 200.0 113.78163 26.33182 21.89776 1.30423 1.44526 0.26032 1
8843610 40.953 0.696 4.516 0.047 105.216 6.89 LC 8843610 4638.0 200.0 46.92477 8.71589 10.62782 0.36615 1.34131 0.14142 1
8845313 36.721 2.547 4.348 0.086 75.58 5.182 LC 8845313 4703.0 200.0 47.06937 11.16319 10.35199 0.8554 1.14905 0.28845 1
8845321 31.829 1.161 4.137 0.041 135.711 11.083 LC 8845321 4715.0 200.0 43.70238 8.4608 9.92416 0.46264 0.91652 0.12946 1
8846187 48.074 1.957 4.913 0.083 73.412 5.385 LC 8846187 4653.0 200.0 46.91281 9.68306 10.55806 0.60289 1.55645 0.27177 1
8867740 22.05 1.483 2.957 0.035 181.231 12.909 LC 8867740 4714.0 200.0 80.26985 18.11607 13.45556 1.00095 1.16707 0.26191 1
8868481 672.978 44.146 40.399 1.499 10.044 1.102 SC 8868481 5524.0 200.0 4.7422 1.17627 2.3817 0.23981 1.20807 0.37576 0
8873797 29.304 0.871 3.857 0.093 136.345 12.966 LC 8873797 4747.0 200.0 50.71589 10.51822 10.54723 0.63746 0.95632 0.17942 1
8880420 21.318 1.576 2.662 0.02 160.059 15.004 LC 8880420 4552.0 200.0 95.91017 22.61163 15.77366 1.23939 1.52371 0.3599 1
8907943 34.4 2.526 4.002 0.06 122.82 12.254 LC 8907943 4516.0 200.0 46.98626 11.36515 11.21714 0.92373 1.23848 0.30821 1
8909673 44.365 1.8 4.616 0.027 63.914 4.792 LC 8909673 4546.0 200.0 45.64126 9.13236 10.91 0.51944 1.51598 0.21726 1
8911558 38.245 2.147 4.429 0.055 76.156 5.147 LC 8911558 4590.0 200.0 41.99356 9.13778 10.26528 0.66866 1.16255 0.22901 1
8914504 35.242 1.323 4.14 0.07 111.143 7.475 LC 8914504 4738.0 200.0 54.73784 11.01615 10.99913 0.60228 1.24958 0.20957 1
8915084 1594.415 60.507 79.079 1.924 7.518 0.755 SC 8915084 5550.0 200.0 1.85616 0.35852 1.47614 0.09489 1.10202 0.21919 0
8934264 8.6 0.405 1.406 0.035 348.917 60.328 LC 8934264 4546.0 200.0 199.24868 45.30003 22.79521 1.64068 1.28289 0.28428 1
8936339 43.683 1.632 4.599 0.148 65.324 4.822 LC 8936339 4950.0 200.0 68.7369 15.35545 11.29248 0.87079 1.66872 0.4007 1
8938364 1680.526 41.425 85.854 0.218 8.441 0.63 SC 8938364 5741.0 200.0 1.75784 0.26755 1.34251 0.04109 0.97716 0.08986 0
8940939 1534.753 47.242 77.451 3.171 5.6 0.774 SC 8940939 6063.0 200.0 2.90803 0.64443 1.54821 0.13782 1.21964 0.34068 0
8941202 32.967 0.947 4.081 0.08 106.766 7.82 LC 8941202 4997.0 200.0 66.19602 12.67819 10.87432 0.57158 1.17335 0.19065 1
8949653 17.064 0.833 2.528 0.016 240.927 20.99 LC 8949653 4416.0 200.0 64.92193 13.77859 13.7893 0.76229 0.91806 0.1527 1
8950146 2102.944 138.058 94.527 1.874 7.021 1.587 SC 8950146 6128.0 200.0 2.59548 0.52961 1.43178 0.11227 1.43691 0.34278 0
8952800 982.009 25.659 53.585 1.25 10.675 1.057 SC 8952800 5837.0 200.0 4.29733 0.76144 2.0306 0.11402 1.3172 0.23024 0
8955683 44.365 3.971 4.757 0.072 51.288 4.096 LC 8955683 4821.0 200.0 54.27836 13.83503 10.57898 1.02339 1.46787 0.42831 1
8956017 1232.658 42.804 62.319 5.791 7.779 0.743 SC 8956017 6268.0 200.0 5.28495 2.11591 1.95284 0.37053 1.58464 0.94887 0
8962844 39.815 1.115 4.536 0.039 98.444 6.417 LC 8962844 4784.0 200.0 50.88031 9.3862 10.40153 0.40511 1.26861 0.14982 1
9002344 43.387 1.08 4.394 0.025 74.945 4.843 LC 9002344 4762.0 200.0 67.05307 12.1777 12.05134 0.41574 1.85146 0.19277 1
9002884 4.755 0.267 0.891 0.044 628.745 129.492 LC 9002884 4323.0 200.0 293.70347 87.1348 30.60475 3.54839 1.24684 0.45083 1
9005973 1560.375 176.663 82.574 0.984 9.439 2.147 SC 9005973 5875.0 200.0 1.98754 0.53791 1.36316 0.15941 0.94628 0.33275 0
9009805 49.439 0.958 5.203 0.025 95.112 7.827 LC 9009805 4949.0 200.0 53.69131 9.24283 9.9844 0.29553 1.47626 0.13185 1
9020419 32.967 2.104 4.153 0.029 116.711 9.227 LC 9020419 4926.0 200.0 57.46135 12.20242 10.42567 0.71325 1.07084 0.22029 1
9021464 41.003 1.265 4.535 0.025 93.262 5.861 LC 9021464 4976.0 200.0 65.75316 11.71744 10.92955 0.42008 1.47113 0.1704 1
9025370 2659.616 407.816 130.989 2.403 3.756 0.432 SC 9025370 5617.0 200.0 0.72847 0.25338 0.90282 0.14325 0.69178 0.33026 0
9026209 8.282 0.853 1.339 0.026 312.899 40.331 LC 9026209 4215.0 200.0 153.93193 45.33522 23.30633 2.6243 1.24358 0.42285 1
9026479 708.661 13.969 42.426 0.63 13.388 1.119 SC 9026479 5413.0 200.0 3.90599 0.65697 2.2511 0.09038 1.12496 0.13955 0
9026685 1123.441 39.366 62.172 0.656 10.336 1.018 SC 9026685 5386.0 200.0 2.07609 0.36039 1.65766 0.07446 0.96464 0.13158 0
9027245 50.213 0.985 5.371 0.018 117.071 7.454 LC 9027245 4607.0 200.0 34.09537 6.26441 9.18155 0.27558 1.22334 0.11046 1
9028697 59.778 1.031 5.921 0.026 93.339 6.75 LC 9028697 4671.0 200.0 35.05456 6.33557 9.05643 0.26137 1.42676 0.12416 1
9049593 1917.857 250.266 86.265 2.487 6.175 1.002 SC 9049593 5608.0 200.0 1.99768 0.64123 1.49986 0.21564 1.37567 0.59863 0
9051235 959.728 126.162 49.422 4.656 10.107 1.991 SC 9051235 5460.0 200.0 4.06229 1.96481 2.25634 0.52002 1.53725 1.10164 0
9072262 39.383 0.808 4.511 0.035 112.997 10.291 LC 9072262 4939.0 200.0 59.69172 10.42863 10.57021 0.34603 1.3167 0.13092 1
9073645 734.893 39.894 41.687 3.314 11.636 1.139 SC 9073645 6174.0 200.0 8.69904 3.14544 2.5823 0.43585 1.6395 0.87014 0
9073950 287.086 7.187 20.55 0.214 21.668 3.308 SC 9073950 5087.0 200.0 8.53647 1.49131 3.76808 0.14333 1.23787 0.14359 0
9075872 157.623 1.127 13.169 0.03 45.288 1.73 LC 9075872 5129.0 200.0 15.89953 2.57044 5.05861 0.10755 1.22995 0.07865 1
9076584 149.12 2.738 12.005 0.478 41.546 5.501 SC 9076584 5071.0 200.0 19.46632 4.48816 5.72611 0.48138 1.48249 0.39209 0
9080606 123.267 12.975 10.85 0.619 36.752 4.282 SC 9080606 4979.0 200.0 18.1919 6.40149 5.74195 0.89879 1.22103 0.59007 0
9086505 33.172 1.615 4.07 0.1 140.772 11.193 LC 9086505 4797.0 200.0 55.23406 12.18796 10.77876 0.77873 1.13654 0.25259 1
9088119 33.558 1.902 3.992 0.026 113.918 7.574 LC 9088119 4810.0 200.0 61.90818 12.82555 11.34981 0.70096 1.27655 0.2371 1
9093289 1700.845 226.045 87.058 3.38 7.903 1.204 SC 9093289 6046.0 200.0 2.20611 0.74281 1.35607 0.20993 1.03551 0.48759 0
9098294 2232.542 132.415 108.809 0.576 5.997 0.593 SC 9098294 5701.0 200.0 1.16115 0.2186 1.10649 0.06943 0.87874 0.16568 0
9099927 847.379 31.312 51.193 3.833 9.094 2.837 SC 9099927 6540.0 200.0 6.78257 2.2603 2.03211 0.31497 1.2049 0.5886 0
9100325 6.257 0.65 0.977 0.031 424.211 70.504 LC 9100325 4172.0 200.0 294.48843 92.35095 32.90412 4.08243 1.86307 0.70346 1
9110060 9.944 0.536 1.482 0.126 208.327 33.397 LC 9110060 4219.0 200.0 148.5832 60.44233 22.85444 4.11259 1.43647 0.81303 1
9112472 46.083 1.5 4.758 0.097 63.302 4.083 LC 9112472 4387.0 200.0 36.51023 7.8493 10.47796 0.59656 1.42682 0.25055 1
9115334 67.64 2.036 6.121 0.03 43.155 2.68 LC 9115334 4673.0 200.0 39.38123 7.38316 9.59087 0.36647 1.81095 0.20835 1
9116461 2333.617 92.999 104.662 3.469 4.416 0.479 SC 9116461 6220.0 200.0 2.29112 0.46677 1.30571 0.10315 1.33601 0.32879 0
9119139 1136.646 88.111 61.003 4.263 11.008 1.005 SC 9119139 5287.0 200.0 2.0897 0.74324 1.72595 0.27777 1.04828 0.5269 0
9138680 693.062 52.784 40.148 1.85 12.662 1.142 SC 9138680 5738.0 200.0 6.23568 1.73961 2.53119 0.30582 1.43217 0.53562 0
9139151 2705.065 121.152 117.192 1.077 4.624 0.448 SC 9139151 5911.0 200.0 1.51796 0.25777 1.17683 0.06035 1.22638 0.19002 0
9139163 1607.889 32.976 81.251 0.661 5.911 0.29 SC 9139163 6220.0 200.0 2.99462 0.42685 1.49278 0.04586 1.20318 0.11261 0
9139859 71.463 0.785 6.846 0.019 86.565 6.322 LC 9139859 4639.0 200.0 27.08504 4.86053 8.07088 0.20034 1.34997 0.10081 1
9143749 1211.388 53.166 64.978 1.109 10.431 0.889 SC 9143749 5784.0 200.0 2.88958 0.52246 1.69577 0.09874 1.12803 0.20077 0
9143834 15.812 0.422 2.284 0.023 265.41 36.734 LC 9143834 4606.0 200.0 103.27651 19.73745 15.98666 0.63732 1.16776 0.14163 1
9143924 8.85 0.746 1.552 0.092 269.17 40.662 LC 9143924 4561.0 200.0 144.48166 49.49052 19.28373 2.83686 0.94634 0.43246 1
9145781 239.505 2.305 17.627 0.029 26.386 2.189 LC 9145781 4941.0 200.0 9.48817 1.59523 4.21082 0.09538 1.271 0.08647 1
9145952 34.514 1.185 3.992 0.118 129.19 8.55 LC 9145952 4837.0 200.0 67.34441 14.71737 11.70586 0.83606 1.40049 0.31129 1
9145955 130.639 1.293 11.006 0.029 46.137 2.229 LC 9145955 5010.0 200.0 19.90714 3.30689 5.93245 0.13582 1.38564 0.09545 1
9150095 261.376 5.37 18.023 1.207 33.443 3.888 SC 9150095 4828.0 200.0 9.20984 2.95032 4.34506 0.59562 1.45993 0.63142 0
9150223 36.562 0.917 4.289 0.065 115.474 6.58 LC 9150223 4816.0 200.0 55.49588 10.45756 10.71919 0.47684 1.24133 0.16988 1
9151763 13.378 0.937 1.984 0.018 297.855 36.671 LC 9151763 4307.0 200.0 92.8288 22.27829 17.3339 1.31715 1.12321 0.25686 1
9157260 234.136 1.635 18.107 0.038 35.152 1.7 LC 9157260 4948.0 200.0 8.20147 1.37335 3.90383 0.08507 1.0687 0.07001 1
9159227 28.235 1.948 3.803 0.05 148.724 12.51 LC 9159227 4606.0 200.0 42.84327 9.94277 10.2967 0.79243 0.86504 0.20101 1
9161068 213.868 6.217 16.071 0.641 28.352 2.796 SC 9161068 4986.0 200.0 11.45708 2.71576 4.54399 0.39641 1.32766 0.36325 0
9163769 1813.521 175.587 81.147 2.241 6.036 0.607 SC 9163769 6206.0 200.0 3.78623 0.98264 1.6861 0.1899 1.72937 0.59207 0
9166023 19.407 1.671 2.404 0.018 224.345 20.206 LC 9166023 4190.0 200.0 78.96629 20.78552 16.89264 1.5304 1.52634 0.41547 1
9173371 98.423 1.226 7.982 0.047 38.262 1.703 LC 9173371 4848.0 200.0 34.65389 6.013 8.35902 0.22419 2.03882 0.16579 1
9176207 58.176 1.548 5.445 0.028 57.275 3.25 LC 9176207 4460.0 200.0 36.84369 7.12909 10.18396 0.36952 1.71567 0.18759 1
9202077 1136.383 48.26 58.232 0.906 8.373 0.617 SC 9202077 5932.0 200.0 4.47302 0.78005 2.00587 0.11089 1.49941 0.25301 0
9204313 1372.799 76.803 74.191 0.623 6.924 1.362 SC 9204313 5614.0 200.0 1.88089 0.35301 1.45225 0.08869 0.92367 0.16993 0
9206432 1853.304 40.022 84.689 1.83 5.885 0.314 SC 9206432 6301.0 200.0 3.59605 0.58499 1.59404 0.08106 1.59162 0.25237 0
9209245 919.365 70.702 50.575 3.262 11.57 1.082 SC 9209245 6136.0 200.0 6.09329 2.00503 2.18806 0.33053 1.46805 0.69173 0
9217456 11.148 0.534 1.556 0.022 285.555 32.51 LC 9217456 4493.0 200.0 210.48944 45.17511 23.98541 1.43702 1.83042 0.33304 1
9225600 1248.312 55.132 64.822 2.377 8.408 1.088 SC 9225600 6033.0 200.0 3.82486 0.83798 1.79327 0.15637 1.32762 0.3607 0
9226926 1520.229 102.002 73.239 1.893 6.608 0.385 SC 9226926 6735.0 200.0 6.03572 1.26156 1.80757 0.15544 1.73563 0.45665 0
9240941 106.176 2.411 8.314 0.058 25.684 0.964 LC 9240941 4697.0 200.0 29.2488 5.36647 8.18121 0.27907 2.07378 0.21418 1
9265513 47.71 0.884 5.358 0.018 100.771 8.303 LC 9265513 4784.0 200.0 37.5281 6.63573 8.93307 0.25664 1.12124 0.09693 1
9266926 1373.839 63.84 75.264 0.473 9.185 1.395 SC 9266926 5612.0 200.0 1.77543 0.31189 1.41196 0.07248 0.87363 0.13498 0
9267654 118.558 1.254 10.299 0.032 53.346 2.744 LC 9267654 4965.0 200.0 20.43951 3.43157 6.12071 0.14434 1.33255 0.09464 1
